MARIO
1
3250
4
267.722
BIG_STANDING 1363.96 50 0 0 80
0
1186.58 0
0
0
235.904 915.47
412.096 915.47
235.904 931.47
412.096 931.47
50 1131.53
3 0 0.00191194
0 0
267.957 914.284
444.043 914.284
267.957 930.284
444.043 930.284
50 1130.68
3 0 0.000850827
0 0
299.964 914.129
476.036 914.129
299.964 930.129
476.036 930.129
50 1130.57
3 0 0.000712037
0 0
1147.94 914.584
1324.06 914.584
1147.94 930.584
1324.06 930.584
50 1130.9
3 0 0.00111949
0 0
1179.79 917.906
1356.21 917.906
1179.79 933.906
1356.21 933.906
50 1133.27
3 0 0.0040893
0 0
1276 76
1292 76
1276 92
1292 92
0 0
0 1 0
0 0
1292 76
1308 76
1292 92
1308 92
0 0
0 1 0
0 0
1308 76
1324 76
1308 92
1324 92
0 0
0 1 0
0 0
1324 76
1340 76
1324 92
1340 92
0 0
0 1 0
0 0
1340 76
1356 76
1340 92
1356 92
0 0
0 1 0
0 0
1356 76
1372 76
1356 92
1372 92
0 0
0 1 0
0 0
1372 76
1388 76
1372 92
1388 92
0 0
0 1 0
0 0
1388 76
1404 76
1388 92
1404 92
0 0
0 1 0
0 0
1452 76
1468 76
1452 92
1468 92
0 0
0 1 0
0 0
1468 76
1484 76
1468 92
1484 92
0 0
0 1 0
0 0
1484 76
1500 76
1484 92
1500 92
0 0
0 1 0
0 0
1596 140
1612 140
1596 156
1612 156
0 0
0 1 0
0 0
1884 140
1900 140
1884 156
1900 156
0 0
0 1 0
0 0
1932 76
1948 76
1932 92
1948 92
0 0
0 1 0
0 0
1948 76
1964 76
1948 92
1964 92
0 0
0 1 0
0 0
1964 76
1980 76
1964 92
1980 92
0 0
0 1 0
0 0
2044 76
2060 76
2044 92
2060 92
0 0
0 1 0
0 0
2092 76
2108 76
2092 92
2108 92
0 0
0 1 0
0 0
2060 140
2076 140
2060 156
2076 156
0 0
0 1 0
0 0
2076 140
2092 140
2076 156
2092 156
0 0
0 1 0
0 0
2684 140
2700 140
2684 156
2700 156
0 0
0 1 0
0 0
2700 140
2716 140
2700 156
2716 156
0 0
0 1 0
0 0
2732 140
2748 140
2732 156
2748 156
0 0
0 1 0
0 0
0 1
0 0
0 1
0 0
0 1
0 0
0 1
0 0
0 1
0 0
0 1
0 0
0 1
0 0
0 1
0 0
0 1
0 0
0 1
0 0
0 1
0 0
0 1
0 0
0 1
0 0
0 1
0 0
0 1
0 0
0 1
0 0
0 1
0 0
0 1
0 0
0 1
0 0
0 0
0 0
0
9 0
0 0
0 0
0
1 0
0 0
0 0
3
0 0
0 0
0 0
3
0 0
0 0
0 0
3
0 0
0 0
0 0
3
0 0
0 0
0 0
3
0 0
0 0
0 0
0
1 0
0 0
0 0
0
1 0
0 0
0 0
0
1 0
0 0
0 0
0
1 0
0 0
0 0
0
1 0
0 0
0 0
0
1 0
0 0
0 0
0
1 0
0 0
0 0
0
1 0
0 0
0 0
0 0
1 0
0 0
0 0
1 0
0 0
0 0
0
1 0
