1 2263
5
FLOOR 63
215 0 16 16      0 32   160
215 0 16 16      0 48   24
215 0 16 16      0 64   24
215 0 16 16      368 80   1
215 0 16 16      368 96   1
215 0 16 16      0 112   3
215 0 16 16      0 128   4
215 0 16 16      0 144   5
215 0 16 16      0 160   13
215 0 16 16      0 176   13
215 0 16 16      0 192   13
215 0 16 16      0 208   13
215 0 16 16      0 224   13
215 0 16 16      240 160   11
215 0 16 16      240 176   11
215 0 16 16      240 192   11
215 0 16 16      240 208   11
215 0 16 16      240 224   11
215 0 16 16      464 160   3
215 0 16 16      464 176   3
215 0 16 16      464 192   3
215 0 16 16      464 208   3
215 0 16 16      464 224   3
215 0 16 16      560 144   37
215 0 16 16      560 160   69
215 0 16 16      560 176   69
215 0 16 16      560 192   69
215 0 16 16      560 208   93
215 0 16 16      560 224   93
215 0 16 16      592 48   35
215 0 16 16      592 64   35
215 0 16 16      592 80   35
215 0 16 16      592 96   1
215 0 16 16      784 96   1
215 0 16 16      960 96   1
215 0 16 16      1072 96   1
215 0 16 16      1280 48   1
215 0 16 16      1280 64   1
215 0 16 16      1408 48   1
215 0 16 16      1408 64   1
215 0 16 16      1216 144   1
215 0 16 16      1344 144   1
215 0 16 16      1472 144   1
215 0 16 16      1552 48   7
215 0 16 16      1552 64   7
215 0 16 16      1856 160   4
215 0 16 16      1856 176   4
215 0 16 16      1856 192   4
215 0 16 16      1968 48   5
215 0 16 16      1968 64   5
215 0 16 16      1968 160   5
215 0 16 16      1968 176   5
215 0 16 16      1968 192   5
215 0 16 16      2048 160   13
215 0 16 16      2272 48   2
215 0 16 16      2272 64   2
215 0 16 16      2272 80   2
215 0 16 16      2256 144   3
215 0 16 16      2256 160   3
215 0 16 16      2256 176   3
215 0 16 16      2256 192   3
215 0 16 16      2256 208   19
215 0 16 16      2256 224   19

QUESTION 1
3 490 78 16 16 507 78 16 16 524 78 16 16     541 78 16 16       480 96      1 POWER

INVISIBLE 6
1 215 0 16 16                              51 100 16 16       1696 144    1 COIN
1 215 0 16 16                              51 100 16 16       1744 144    1 COIN
1 215 0 16 16                              51 100 16 16       1792 144    1 COIN
1 215 0 16 16                              51 100 16 16       1712 80    1 COIN
1 215 0 16 16                              51 100 16 16       1760 80    1 COIN
1 215 0 16 16                              51 100 16 16       1808 80    1 COIN

LIFT 1
414 409 16 8    32      2208 97    2152 97    2208 97    1

FIRE 42
441 409 8 8     488 168     484 119     0
441 409 8 8     488 168     484 128     0
441 409 8 8     488 168     484 137     0
441 409 8 8     488 168     484 146     0
441 409 8 8     488 168     484 155     0
441 409 8 8     488 168     484 164     0

441 409 8 8     792 104     788 100     0
441 409 8 8     792 104     788 109     0
441 409 8 8     792 104     788 118     0
441 409 8 8     792 104     788 127     0
441 409 8 8     792 104     788 136     0
441 409 8 8     792 104     788 145     0

441 409 8 8     968 104     919 100     0
441 409 8 8     968 104     928 100     0
441 409 8 8     968 104     937 100     0
441 409 8 8     968 104     946 100     0
441 409 8 8     968 104     955 100     0
441 409 8 8     968 104     964 100     0

441 409 8 8     1080 104     1076 55     0
441 409 8 8     1080 104     1076 64     0
441 409 8 8     1080 104     1076 73     0
441 409 8 8     1080 104     1076 82     0
441 409 8 8     1080 104     1076 91     0
441 409 8 8     1080 104     1076 100     0

441 409 8 8     1224 152     1220 148     0
441 409 8 8     1224 152     1229 148     0
441 409 8 8     1224 152     1238 148     0
441 409 8 8     1224 152     1247 148     0
441 409 8 8     1224 152     1256 148     0
441 409 8 8     1224 152     1265 148     0

441 409 8 8     1352 152     1348 148     0
441 409 8 8     1352 152     1348 157     0
441 409 8 8     1352 152     1348 166     0
441 409 8 8     1352 152     1348 175     0
441 409 8 8     1352 152     1348 184     0
441 409 8 8     1352 152     1348 193     0

441 409 8 8     1416 72     1412 68     1
441 409 8 8     1416 72     1421 68     1
441 409 8 8     1416 72     1430 68     1
441 409 8 8     1416 72     1439 68     1
441 409 8 8     1416 72     1448 68     1
441 409 8 8     1416 72     1457 68     1