MARIO
3
1500
4
276.548
SMALL_STANDING 458.828 129 0 0 144
0
329.832 0
0
2 0 471.035 408.289 -20 370.829
2 0 471.035 408.289 -20 370.829
2 0 624.192 48 -20 0
3 3 1180 60 0 20
2 0 1290 90 -20 50
3 0 1755 100 -20 50
3 3 1825 70 0 20
3 0 2155 200 -20 50
0
3 0
0 0
3 0
0 0
3 0
0 0
3 0
0 0
0 1
0 0
0 1
0 0
0 1
0 0
0 1
0 0
0 1
0 0
0 1
0 0
0 1
0 0
0 1
0 0
0 1
0 0
0 1
0 0
0 1
0 0
0 1
0 0
0 1
0 0
0 1
0 0
0 1
0 0
0 1
0 0
0 1
0 0
0 1
0 0
0 1
0 0
880 102.533 -20 -20
1376.42 129 20 -20
1461.93 145 -20 -20
2012.33 97 20 -20
0 0
0 0
0
1 0
