MARIO
4
0
0
266.474
SMALL_JUMPING 1869.78 90.2965 0 -192.419 2147483647
0
1806.94 0
0
3
7 3 199.127 145 -60 0
0 0 0
7 3 1221.87 140 -60 0
0 0 0
6 0 2151.64 128 15 0
100 0 128 2.82041 1 0.767463 0
7
7 3 1384.73 190.26 -60 0
0 1928 193
7 3 1475.6 190.212 -60 0
0 1943.13 193
7 3 1566.45 142.75 -60 0
0 1992.82 145
7 3 1657.4 147.016 -60 0
0 1940.42 149.718
7 3 1779.33 190.936 -60 0
0 1944.51 193
7 3 1930.62 142.017 -60 0
0 1993.06 145
7 3 2082.08 129.5 -60 0
0 1902.42 127.095
0
0 0
0 0
0
1 0
0 0
0 0
0
1 0
0 0
0 0
0
1 0
0 0
0 0
0
1 0
0 0
0 0
0
1 0
0 0
0 0
0
1 0
0 0
0 0
0
1 0
2205.06 97 20 20
443.518 144.349 0.0342316 205.894
451.614 148.279 0.0342316 205.894
459.711 152.209 0.0342316 205.894
467.807 156.139 0.0342316 205.894
475.903 160.069 0.0342316 205.894
484 164 0.0342316 25.8936
788 100 0.0342316 25.8936
796.096 103.93 0.0342316 25.8936
804.193 107.861 0.0342316 25.8936
812.29 111.791 0.0342316 25.8936
820.386 115.721 0.0342316 25.8936
828.482 119.651 0.0342316 25.8936
944.349 140.483 0.0342316 115.893
948.279 132.386 0.0342316 115.893
952.209 124.29 0.0342316 115.893
956.14 116.192 0.0342316 115.893
960.07 108.096 0.0342316 115.893
964 100 0.0342316 25.8936
1035.52 80.3476 0.0342316 205.894
1043.61 84.2785 0.0342316 205.894
1051.71 88.2097 0.0342316 205.894
1059.81 92.1388 0.0342316 205.894
1067.9 96.0701 0.0342316 205.894
1076 100 0.0342316 25.8936
1220 148 0.0342316 25.8936
1223.93 139.904 0.0342316 295.894
1227.86 131.808 0.0342316 295.894
1231.79 123.71 0.0342316 295.894
1235.72 115.616 0.0342316 295.894
1239.65 107.519 0.0342316 295.894
1348 148 0.0342316 25.8936
1356.1 151.93 0.0342316 25.8936
1364.19 155.86 0.0342316 25.8936
1372.29 159.791 0.0342316 25.8936
1380.39 163.721 0.0342316 25.8936
1388.48 167.652 0.0342316 25.8936
1412 68 0.0342316 154.107
1415.93 76.096 0.0342316 64.106
1419.86 84.1924 0.0342316 64.106
1423.79 92.2894 0.0342316 64.106
1427.72 100.384 0.0342316 64.106
1431.65 108.481 0.0342316 64.106
0 208 0
