MARIO
1
5950
4
204.033
FIRE_STANDING 2744.52 178 0 0 208
0
2531.18 0
0
2 5 1 1 1 1
2 5 1 1 1 1
2 0 803.305 192 -20 0
2 5 1 1 1 1
2 5 1 1 1 1
2 5 1 1 1 1
2 5 1 1 1 1
2 5 1 1 1 1
3 5 1 1 1 1
2 5 1 1 1 1
2 5 1 1 1 1
2 5 1 1 1 1
2 5 1 1 1 1
2 5 1 1 1 1
2 5 1 1 1 1
2 5 1 1 1 1
2 5 1 1 1 1
0
316 140
332 140
316 156
332 156
0 0
0 1 0
0 0
348 140
364 140
348 156
364 156
0 0
0 1 0
0 0
380 140
396 140
380 156
396 156
0 0
0 1 0
0 0
1148.16 909.638
1323.84 909.638
1148.16 925.638
1323.84 925.638
50 1127.45
3 0 0.396815
0 0
1179.93 914.864
1356.07 914.864
1179.93 930.864
1356.07 930.864
50 1131.1
3 0 0.00137004
0 0
1276 76
1292 76
1276 92
1292 92
0 0
0 1 0
0 0
1292 76
1308 76
1292 92
1308 92
0 0
0 1 0
0 0
1308 76
1324 76
1308 92
1324 92
0 0
0 1 0
0 0
1324 76
1340 76
1324 92
1340 92
0 0
0 1 0
0 0
1340 76
1356 76
1340 92
1356 92
0 0
0 1 0
0 0
1356 76
1372 76
1356 92
1372 92
0 0
0 1 0
0 0
1372 76
1388 76
1372 92
1388 92
0 0
0 1 0
0 0
1388 76
1404 76
1388 92
1404 92
0 0
0 1 0
0 0
1452 76
1468 76
1452 92
1468 92
0 0
0 1 0
0 0
1468 76
1484 76
1468 92
1484 92
0 0
0 1 0
0 0
1484 76
1500 76
1484 92
1500 92
0 0
0 1 0
0 0
1596 140
1612 140
1596 156
1612 156
0 0
0 1 0
0 0
1884 140
1900 140
1884 156
1900 156
0 0
0 1 0
0 0
1932 76
1948 76
1932 92
1948 92
0 0
0 1 0
0 0
1948 76
1964 76
1948 92
1964 92
0 0
0 1 0
0 0
1964 76
1980 76
1964 92
1980 92
0 0
0 1 0
0 0
2044 76
2060 76
2044 92
2060 92
0 0
0 1 0
0 0
2092 76
2108 76
2092 92
2108 92
0 0
0 1 0
0 0
2060 140
2076 140
2060 156
2076 156
0 0
0 1 0
0 0
2076 140
2092 140
2076 156
2092 156
0 0
0 1 0
0 0
2603.88 916.243
2780.12 916.243
2603.88 932.243
2780.12 932.243
50 1132.08
3 0 0.00260377
0 0
2619.9 915.825
2796.1 915.825
2619.9 931.825
2796.1 931.825
50 1131.78
3 0 0.00223002
0 0
2699.5 207.176
2780.5 207.176
2699.5 223.176
2780.5 223.176
50 370.021
2 3 0.250026
0 0
0 1
0 0
0 1
0 0
0 1
0 0
0 1
0 0
0 1
0 0
0 1
0 0
0 1
0 0
0 1
0 0
0 1
0 0
0 1
0 0
0 1
0 0
0 1
0 0
0 1
0 0
0 1
0 0
0 1
0 0
0 1
0 0
0 1
0 0
0 1
0 0
0 1
0 0
0 0
0 0
0
9 0
0 0
0 0
0
1 0
0 0
0 0
0
1 0
0 0
0 0
0
1 0
0 0
0 0
0
1 0
0 0
0 0
0
1 0
0 0
0 0
0
1 0
0 0
0 0
0
1 0
0 0
0 0
3
0 0
0 0
0 0
3
0 0
0 0
0 0
3
0 0
0 0
0 0
0
1 0
0 0
0 0
0
1 0
0 0
0 0
0
1 0
0 0
0 0
3
0 0
0 0
0 0
0 0
1 0
0 0
0 0
1 0
0 0
0 0
0
1 0
