MARIO
3
3200
8
265.126
Vinh2
0 1 BIG_STANDING 1129.94 114 0 0 144
0
916.607 0
0
5
0 0 3 0 445.909 56.0003 -20 40.0021
2 4 594.092 120 0 0
2 4 576.072 120 0 0
0.55021 0 0 3 3 1179.95 71.0533 0 20
2 0 1168.31 686.052 -20 600.521
0 0 3 0 1755 100 -20 50
0 0 0 3 3 1825 70 0 20
0 0 3 0 2155 200 -20 50
0
0
0 1
0 0
0 1
0 0
0 1
0 0
3 0
0 0
3 0
0 0
3 0
0 0
3 0
0 0
0 1
0 0
3 0
0 0
3 0
0 0
3 0
0 0
3 0
0 0
0 1
0 0
0 1
0 0
0 1
0 0
0 1
0 0
0 1
0 0
0 1
0 0
0 1
0 0
0 1
0 0
0 1
0 0
0 1
0 0
0 1
0 0
880 118.243 20 -20
1341.28 129 -20 20
1447.62 145 -20 20
2056.37 97 20 20
0 0
0 0
3
0 0
